# id	left	top	right	bottom	texture_id
[SPRITES]
20001	254	188	269	203	60
#gold brick
20002	274	188	289	203	60
20003	293	188	308	203	60
20004	312	188	327	203	60
20005	331	188	346	203	60

#gold piece
20006	153	351	164	364	60
20007	166	352	179	363	60
20008	179	351	190	364	60
20009	192	352	205	363	60

#P button
20010	156	144	171	159	60
20011	178	144	193	159	60
20012	200	152	215	159	60
# ani_id	sprite1_id	time1	sprite2_id	time2	...
[ANIMATIONS]
10000	20001	1000
9999	20002	100	20003	100	20004	100	20005	100
9998	20006	100	20007	100	20008	100	20009	100
9997	20010	100	20011	100
9996	20012	100