# id	left	top	right	bottom	texture_id
[SPRITES]
# Goomba (original)
31001	4	13	22	30	10
31002	24	13	42	30	10
32001	44	19	62	30	10

# RedParaGoomba
33001	116	40	136	59	40
33002	140	40	160	59	40
33201	66	35	86	59	40
33202	90	35	110	59	40

# RedGoomba
34101	104	70	120	86	40
34102	125	70	141	86	40
34201	145	77	161	86	40

# ani_id	sprite1_id	time1	sprite2_id	time2	...
[ANIMATIONS]
# Goomba (original)
5000	31001	100	31002	100
5001	32001	100

# RedParaGoomba
6000	33001	150
6001	33001	150	33002	150
6002	33201	150	33002	150	33202	150	33001	150

# RedGoomba
7000	34101	100	34102	100
7001	34201	100