# id    left    top    right    bottom    texture_id
[SPRITES]
##HUD
150000	12	128	163	155	80 
#Card
150002	172	128	195	155	80

#Number
0	32	23	39	30	80
1	54	23	59	30	80	
2	71	23	78	30	80
3	90	23	97	30	80
4	108	23	115	30	80
5	127	23	134	30	80
6	145	23	152	30	80
7	162	23	169	30	80
8	179	23	186	30	80
9	197	23	204	30	80

#Effect
100	60	88	71	97	80
200	74	88	87	97	80
1000	120	88	135	97	80
2000	138	88	153	97	80
2001	194	88	211	97	80

#Card
#Mushroom
150007	171	159	194	186	80
#Flower
150008	202	159	225	186	80
#Star
150009	232	159	255	186	80

#Arrow
150003	64	162	71	169	80	#white
150004	91	161	98	168	80	#black
#P-Meter
150005	73	162	87	168	80	#white
150006	100	162	115	169	80	#black	


##black
150001	0	0	1000	30	90	