# id    left    top    right    bottom    texture_id
[SPRITES]
#Grass
140000	387	0	476	47	30	# Head
140001	384	48	431	95	30	# Body Left
140002	431	48	479	95	30	# Body Right
140003	384	144	431	190	30	# Body Mid

#Cloud1
140004	264	627	359	695	30

#Flower
140005	240	720	287	767	30

#Star
140006	288	720	335	767	30

#Mushroom
140007	336	720	383	767	30

#Bush
140008	624	576	671	624	30

#Card
140014	384	241	478	335	30
140015	384	336	431	383	30
140016	432	336	479	383	30
140017	480	336	527	383	30

#black background
140009	288	145	336	191	30
140010	335	145	382	190	30

#black grass
140011	288	0	383	47	30
140012	290	48	335	95	30
140013	336	48	381	95	30	