# id    left    top    right    bottom    texture_id
[SPRITES]
130000	80	142	101	170	70
130001	737	174	758	203	70
130002	80	142	101	170	70
130003	104	142	126	170	70
130004	129	143	152	170	70
130005	737	174	758	203	70
130006	713	174	734	203	70
130007	687	174	709	203	70
130008	155	140	171	170	70
130009	668	174	683	203	70
130010	283	143	306	170	70
130011	309	143	332	170	70
130012	335	142	357	170	70
130013	533	174	555	203	70
130014	507	174	529	203	70
130015	482	174	503	203	70
130016	257	143	280	170	70
130017	559	174	581	203	70
130018	129	143	152	170	70
130019	687	174	709	203	70
130020	566	142	587	170	70
130021	590	142	612	170	70
130022	615	143	638	170	70
130023	252	174	272	203	70
130024	227	174	248	203	70
130025	201	174	223	203	70
130026	237	150	254	166	70

# ani_id    sprite1_id    time1    sprite2_id    time2 ...
[ANIMATIONS]
# IDLE
1900	130000	50
1907	130001	50
# WALK RIGHT & LEFT
1901	130002	50	130003	50	130004	50	130003	50
1908	130005	50	130006	50	130007	50	130006	50
# BRACE
1902	130008	50
1909	130009	50
# RUN RIGHT & LEFT
1903	130010	50	130011	50	130012	50
1910	130013	50	130014	50	130015	50
# JUMP
1904	130016	50
1911	130017	50
# FALL
1905	130018	50
1912	130019	50
# HOLD
1906	130020	100	130021	100	130022	100	130021	100
1913	130023	100	130024	100	130025	100	130024	100
# APPEAR
1914	130026	50