# id	left	top	right	bottom	texture_id
[SPRITES]
100000	7	33	23	65	40
100001	7	71	23	103	40
100002	196	8	211	40	40
100003	196	46	211	78	40
100004	6	166	23	190	40
100005	6	195	23	219	40
100006	223	10	239	34	40
100007	223	39	239	63	40
100011	0	1	8	9	50	# sprite-fire-ball-0
100012	11	0	19	9	50	# sprite-fire-ball-1
100013	22	1	30	9	50	# sprite-fire-ball-2
100014	33	0	41	9	50	# sprite-fire-ball-3

#Piranha
100015	7	107	22	130	40
100016	7	137	22	160	40

#die 
100017	526	20	543	35	20
100018	545	21	558	34	20
100019	569	22	573	35	20	

# aniId	spriteId1 frameTime1	spriteId2 frameTime2	...
[ANIMATIONS]
10001	100011	100	100012	100	100013	100	100014	100
10002	100015	150	100016	150
10003	100017	100	100018	100	100019	100
