# list of object assets to load in this scene
[ASSETS]
mario.txt
racoonmario.txt
brick.txt
coin.txt
goomba.txt
cloud.txt
pipe.txt
rectplatform.txt
brickplatform.txt
venusfire.txt
koopatroopa.txt
questionblock.txt
mapobjects.txt
hud.txt

#
[OBJECTS]
# type	x	y	extra_settings per object type
# type: 0 = Mario , 1 = Brick, 2 = Goomba, 3 = Koopas, 6 = Pipe, 7 = Bush, 8 = RectPlatform, 9 = BrickPlatform, 10 = VenusFire
# See OBJECT_TYPE constants in AssetIDs.h

# MARIO
0	1400	10


#BrickPlatform
9	50	180	48	48	74	90000	90001	90002
9	857	172	48	48	28	91000	91001	91002
9	1300	180	48	48	23	90000	90001	90002
9	1560	180	48	48	6	90000	90001	90002
9	1954	180	48	48	38	90000	90001	90002
9	2835	180	48	48	70	90000	90001	90002

#Grass
21	55	150	3	2
21	40	158	2	1
21	55	165	1	2
21	85	158	2	3
21	115	158	2	1
21	100	172	0	1
21	130	165	1	3

#Cloud
22	145	60	140004
22	360	50	140004

#Bush
22	175	165	140008
22	190	165	140008
22	205	165	140008



#QuestionBlock (14 - coin, 15 - item)
14	190	115
14	206	115
14	245	70
15	261	70

#RectPlatform
8	315	141	48	48	3	5	83000	83001	83002	83003	83004	83005	83006	83007	83008
8	280	157	48	48	3	3	82000	82001	82002	82003	82004	82005	82006	82007	82008

#Pipe
6	380	134	2	60000	60001

# VENUS_FIRE
10	380	150	0	100000	100001	100002	100003

#QuestionBlock (14 - coin, 15 - item)
14	440	85

#RectPlatform
8	565	125	48	48	4	7	80000	80001	80002	80003	80004	80005	80006	80007	80008
8	515	141	48	48	4	5	82000	82001	82002	82003	82004	82005	82006	82007	82008
8	460	157	48	48	5	3	81000	81001	81002	81003	81004	81005	81006	81007	81008
8	580	164	48	48	6	2	81000	81001	81002	81003	81004	81005	81006	81007	81008


#QuestionBlock (14 - coin, 15 - item)
15	670	149
14	715	115

#Bush
22	685	149	140008
22	700	149	140008
22	715	149	140008
22	730	149	140008
22	745	149	140008
22	760	149	140008

#Grass
21	890	134	3	3
21	845	141	2	1
21	875	141	2	2
21	830	157	0	1
21	860	149	1	2
21	890	149	1	2
21	920	141	2	3
21	967	141	2	1
21	952	157	0	1
21	982	149	1	3

#Bush
22	1040	149	140008
22	1055	149	140008

#Coin
4	1070	90

#Bush
22	1160	165	140008
22	1175	165	140008
22	1190	165	140008

#RectPlatform
8	1360	133	48	48	8	6	83000	83001	83002	83003	83004	83005	83006	83007	83008
8	1330	150	48	48	8	4	82000	82001	82002	82003	82004	82005	82006	82007	82008
8	1300	164	48	48	8	2	81000	81001	81002	81003	81004	81005	81006	81007	81008

#QuestionBlock
15	1460	130

#Brick
1	1493	100
1	1509	100

1	1567	165
1	1583	165
1	1583	149
1	1599	165
1	1599	149
1	1599	133

1	1660	165
1	1660	149
1	1660	133
1	1676	165
1	1676	149
1	1692	165

#Bush
22	1724	165	140008
22	1740	165	140008
22	1756	165	140008

#Pipe
6	1800	149	1	60000	60001
6	1875	134	2	60000	60001

#Grass
21	1925	158	2	2
21	1910	172	0	1
21	1940	165	1	3

#GoldBrick
25	1962	164	0
25	1978	164	0
25	1978	148	0
25	1994	164	0
25	1994	148	0
25	1994	132	0
25	2010	164	0
25	2010	148	0
25	2010	132	0
25	2026	164	0
25	2026	148	0
25	2026	132	0
25	2042	164	0
25	2042	148	0
25	2042	132	1
25	2058	164	0

25	2106	164	0
25	2106	148	0
25	2122	164	0
25	2123	148	0

12	2106	10


#RectPlatform
8	2210	118	48	48	3	8	81000	81001	81002	81003	81004	81005	81006	81007	81008
8	2180	157	48	48	3	3	82000	82001	82002	82003	82004	82005	82006	82007	82008

#Pipe
6	2295	134	2	60000	60001
6	2295	-20	6	60000	60001
6	2360	149	1	60000	60001

#Cloud
22	2365	70	140004

#Brick
1	2286	133
1	2302	133

1	2286	70
1	2302	70

#Grass
21	2440	126	6	1
21	2425	141	4	2
21	2410	149	3	1
21	2455	133	5	3
21	2470	164	1	3

# GOOMBA (2 - TanGoomba, 13 - RedParaGoomba)
2	242	150
2	480	10
2	780	10
2	750	10
23	1270	10

13	800	10

#venus
10	1876	152	1	100004	100005	100006	100007

24	1800	158


#RedKoopaTroopa	
12	600	10

#blackbackground
28	2500	10	3000	3000

#Grass

21	2575	133	5	6
21	2560	173	0	4
21	2591	149	3	5
21	2605	164	1	5

#Card
22	2670	100	140014

#Grass
21	2745	157	2	6
21	2730	173	0	4

